3.514982
1.832225
1.269714
0.987464
0.817372
0.703391
0.621495
0.559669
0.511237
0.472192
0.439985
0.412914
0.389802
0.369807
0.352313
0.336854
0.323077
0.310706
0.299523
0.289353
0.280054
0.271511
0.263627
0.256323
0.249532
0.243195
0.237265
0.231701
0.226464
0.221525
0.216856
0.212433
0.208235
0.204242
0.356569
0.352977
0.349543
0.346258
0.343108
0.340087
0.337184
0.334392
0.331704
0.329114
0.326616
0.324203
0.321872
0.319617
0.317434
0.315321
0.313272
0.311284
0.309355
0.307481
0.305660
0.303889
0.302167
0.300490
0.298856
0.297265
0.295714
0.294201
0.292724
0.291282
0.289875
0.288500
0.287156
0.285842
0.284557
0.283299
0.282068
0.280863
0.279683
0.278527
0.277394
0.276283
0.275194
0.274125
0.273078
0.272050
0.271040
0.270049
0.269076
0.268119
0.267180
0.266257
0.265349
0.264457
0.263580
0.262717
0.261868
0.261033
0.260211
0.259401
0.258605
0.257821
0.257048
0.256287
0.255537
0.254798
0.254070
0.253353
0.252646
0.251948
0.251260
0.250582
0.249913
0.249253
0.248601
0.247959
0.247324
0.246698
0.246080
0.245470
0.244868
0.244272
0.243684
0.243104
0.242531
0.241964
0.241404
0.240851
0.240304
0.239763
0.239229
0.238700
0.238178
0.237661
0.237150
0.236646
0.236146
0.235651
0.235162
0.234678
0.234199
0.233725
0.233256
0.232792
0.232333
0.231877
0.231427
0.230981
3.549758
1.858319
1.292670
1.008679
0.837414
0.722549
0.639938
0.577507
0.528547
0.489030
0.456394
0.428928
0.405450
0.385112
0.367294
0.351530
0.337462
0.324814
0.313366
0.302942
0.293399
0.284621
0.276512
0.268990
0.261988
0.255448
0.249321
0.243565
0.238142
0.233024
0.228180
0.223587
0.219224
0.364651
0.360732
0.356988
0.353407
0.349978
0.346689
0.343531
0.340495
0.337574
0.334760
0.332046
0.329427
0.326896
0.324450
